[gd_scene load_steps=29 format=3 uid="uid://bjm5trsh5ponb"]

[ext_resource type="Script" path="res://addons/phantom_camera/scripts/phantom_camera/phantom_camera_3d.gd" id="1_cgvsa"]
[ext_resource type="Texture2D" uid="uid://dwqqnft73i6ia" path="res://game_sandbox/devone_sandbox/assets/photo_studio_loft_hall_2k.exr" id="1_drluy"]
[ext_resource type="Environment" uid="uid://ws3wl4s12s5h" path="res://default_env.tres" id="1_q1gcq"]
[ext_resource type="Script" path="res://addons/phantom_camera/scripts/resources/tween_resource.gd" id="2_8vgn0"]
[ext_resource type="Script" path="res://addons/phantom_camera/scripts/phantom_camera_host/phantom_camera_host.gd" id="3_iyltw"]
[ext_resource type="Script" path="res://addons/phantom_camera/scripts/resources/camera_3d_resource.gd" id="3_v1m45"]
[ext_resource type="PackedScene" uid="uid://ddr0eyav0x5cr" path="res://scenes/selectables/seashell.tscn" id="5_ohhq1"]
[ext_resource type="Script" path="res://addons/DragAndDrop3D/nodes/drag_and_drop_3d.gd" id="5_s6p64"]
[ext_resource type="PackedScene" uid="uid://dnw670y81o6wc" path="res://game_sandbox/devone_sandbox/fish_tank.tscn" id="6_78ovq"]
[ext_resource type="PackedScene" uid="uid://dfsep4rjt4s4m" path="res://scenes/crab.tscn" id="9_386os"]
[ext_resource type="Texture2D" uid="uid://h8nkf61rxc3y" path="res://game_sandbox/devone_sandbox/assets/SpotLightMask.png" id="10_4fthu"]
[ext_resource type="Texture2D" uid="uid://d2jtf8p66f2ei" path="res://game_sandbox/devone_sandbox/assets/SpotLightMaskLine.png" id="11_se7xa"]
[ext_resource type="PackedScene" uid="uid://clokowewa7geu" path="res://game_sandbox/jake_sandbox/Scenes/chest.tscn" id="12_2aqk5"]
[ext_resource type="PackedScene" uid="uid://d3mgwdjbjyq0b" path="res://scenes/mouse_position.tscn" id="12_8awkg"]
[ext_resource type="PackedScene" uid="uid://cvb85hrhl8k2s" path="res://game_sandbox/jake_sandbox/Assets/Models/doughnut_coral.glb" id="13_puxit"]
[ext_resource type="PackedScene" uid="uid://s3755bhbqwk7" path="res://game_sandbox/jake_sandbox/Assets/Models/pineapple_house.glb" id="14_abfds"]
[ext_resource type="PackedScene" uid="uid://8do6ot5jryi2" path="res://game_sandbox/devone_sandbox/bubbles.tscn" id="16_5iowc"]
[ext_resource type="AudioStream" uid="uid://124qdt1buj80" path="res://game_sandbox/fluffy_sandbox/Music/crembient.ogg" id="17_46pjg"]

[sub_resource type="Resource" id="Resource_r1ygu"]
script = ExtResource("2_8vgn0")
duration = 1.0
transition = 0
ease = 2

[sub_resource type="Resource" id="Resource_2yayy"]
script = ExtResource("3_v1m45")
cull_mask = 1048575
h_offset = 0.0
v_offset = 0.0
projection = 0
fov = 74.0
size = 1.0
frustum_offset = Vector2(0, 0)
near = 0.05
far = 4000.0

[sub_resource type="PanoramaSkyMaterial" id="PanoramaSkyMaterial_6jsnm"]
panorama = ExtResource("1_drluy")

[sub_resource type="Sky" id="Sky_o5002"]
sky_material = SubResource("PanoramaSkyMaterial_6jsnm")

[sub_resource type="Environment" id="Environment_pm1n1"]
background_mode = 2
background_energy_multiplier = 1.5
sky = SubResource("Sky_o5002")
tonemap_mode = 3
tonemap_exposure = 0.25

[sub_resource type="NavigationMesh" id="NavigationMesh_s26kr"]

[sub_resource type="BoxShape3D" id="BoxShape3D_niry1"]

[sub_resource type="StandardMaterial3D" id="StandardMaterial3D_qgeg3"]
albedo_color = Color(7.46027e-07, 0, 0.403407, 1)

[sub_resource type="BoxMesh" id="BoxMesh_i17vl"]
material = SubResource("StandardMaterial3D_qgeg3")

[sub_resource type="StandardMaterial3D" id="StandardMaterial3D_vhxc3"]
albedo_color = Color(1, 0.839216, 0, 1)

[node name="Main" type="Node3D"]

[node name="WorldEnvironment" type="WorldEnvironment" parent="."]
environment = ExtResource("1_q1gcq")

[node name="DirectionalLight3D" type="DirectionalLight3D" parent="WorldEnvironment"]
transform = Transform3D(0.844991, -0.327394, 0.422851, 0, 0.7907, 0.612203, -0.53478, -0.517307, 0.668135, 0, 2.72948, -2.52983)

[node name="MainCamera" type="Node3D" parent="." node_paths=PackedStringArray("look_at_target")]
transform = Transform3D(0.999999, -0.000682079, 0.000303226, -4.04019e-07, 0.405733, 0.913992, -0.000746443, -0.913991, 0.405733, 0, 14.519, 6.445)
script = ExtResource("1_cgvsa")
look_at_mode = 2
look_at_target = NodePath("../Environment")
tween_resource = SubResource("Resource_r1ygu")
camera_3d_resource = SubResource("Resource_2yayy")
environment = ExtResource("1_q1gcq")
follow_offset = Vector3(0, 1.845, 0)
look_at_damping = true

[node name="HostCamera" type="Camera3D" parent="."]
transform = Transform3D(1, -0.000682079, 0.000303226, -4.04019e-07, 0.405733, 0.913992, -0.000746444, -0.913991, 0.405733, 0, 14.519, 6.445)
environment = SubResource("Environment_pm1n1")
fov = 74.0

[node name="PhantomCameraHost" type="Node" parent="HostCamera"]
process_priority = 300
process_physics_priority = 300
script = ExtResource("3_iyltw")

[node name="DragAndDropManager" type="Node3D" parent="."]
script = ExtResource("5_s6p64")

[node name="NavigationRegion3D" type="NavigationRegion3D" parent="."]
navigation_mesh = SubResource("NavigationMesh_s26kr")

[node name="Environment" type="Node3D" parent="."]

[node name="Seashell" parent="Environment" instance=ExtResource("5_ohhq1")]
transform = Transform3D(1, 0, 0, 0, 1, 0, 0, 0, 1, -1.27759, -1.26305, -6.11404)

[node name="Seashell2" parent="Environment" instance=ExtResource("5_ohhq1")]
transform = Transform3D(0.999713, -0.0239611, 0, 0.0239611, 0.999713, 0, 0, 0, 1, 10.6345, -1.26305, 5.47246)

[node name="Default Cube" type="StaticBody3D" parent="Environment"]
transform = Transform3D(-0.325123, 0, 0.945672, 0, 1, 0, -0.945672, 0, -0.325123, 3, 0, -3)

[node name="CollisionShape3D" type="CollisionShape3D" parent="Environment/Default Cube"]
transform = Transform3D(1, 0, -2.98023e-08, 0, 1, 0, 2.98023e-08, 0, 1, 0, 0, 0)
shape = SubResource("BoxShape3D_niry1")

[node name="MeshInstance3D" type="MeshInstance3D" parent="Environment/Default Cube"]
transform = Transform3D(1, 0, -2.98023e-08, 0, 1, 0, 2.98023e-08, 0, 1, 0, -1, 0)
mesh = SubResource("BoxMesh_i17vl")

[node name="Floor" type="CSGBox3D" parent="Environment"]
transform = Transform3D(1, 0, 0, 0, 1, 0, 0, 0, 1, 0, -2, 0)
use_collision = true
size = Vector3(32, 1, 18)
material = SubResource("StandardMaterial3D_vhxc3")

[node name="FishTank" parent="Environment" instance=ExtResource("6_78ovq")]

[node name="Bubbles" parent="Environment/FishTank" instance=ExtResource("16_5iowc")]
transform = Transform3D(1, 0, 0, 0, 1, 0, 0, 0, 1, 11.9682, 1.48958, -3.08658)

[node name="Bubbles2" parent="Environment/FishTank" instance=ExtResource("16_5iowc")]
transform = Transform3D(1, 0, 0, 0, 1, 0, 0, 0, 1, -12.2717, -0.25142, -6.393)

[node name="Bubbles3" parent="Environment/FishTank" instance=ExtResource("16_5iowc")]
transform = Transform3D(1, 0, 0, 0, 1, 0, 0, 0, 1, -12.2717, -0.25142, 4.94553)

[node name="SpotLight3D" type="SpotLight3D" parent="Environment"]
transform = Transform3D(0.905754, 0, 0.423804, 0, 1, 0, -0.423804, 0, 0.905754, 10.2191, 0.393497, -5.50217)
light_energy = 4.0
light_specular = 10.0
spot_range = 7.0

[node name="SpotLight3D2" type="SpotLight3D" parent="Environment"]
transform = Transform3D(0.378859, 0.925455, 4.04529e-08, 6.30673e-16, -4.37114e-08, 1, 0.925455, -0.378859, -1.65604e-08, -2.01552, 1.32242, -7.07055)
light_projector = ExtResource("10_4fthu")
light_specular = 5.465
shadow_enabled = true
spot_attenuation = -2.0
spot_angle = 53.0

[node name="SpotLight3D3" type="SpotLight3D" parent="Environment"]
transform = Transform3D(0.378859, 0.925455, 4.04529e-08, 6.30673e-16, -4.37114e-08, 1, 0.925455, -0.378859, -1.65604e-08, -15.2972, 1.32242, 0.427837)
light_projector = ExtResource("10_4fthu")
light_specular = 5.465
shadow_enabled = true
spot_attenuation = -1.0
spot_angle = 53.0

[node name="SpotLight3D4" type="SpotLight3D" parent="Environment"]
transform = Transform3D(-0.0945581, 0.485983, 0.868838, -0.883294, 0.361599, -0.298391, -0.459184, -0.795655, 0.395074, -10.4986, 1.32242, 9.91528)
light_energy = 1.242
light_projector = ExtResource("11_se7xa")
light_size = 10.0
shadow_enabled = true
spot_range = 7.0
spot_angle = 53.0

[node name="SpotLight3D5" type="SpotLight3D" parent="Environment"]
transform = Transform3D(-0.0344084, -0.68476, -0.727956, -0.883294, 0.361599, -0.298391, 0.467555, 0.632733, -0.617286, 12.864, -2.06481, -1.61481)
light_energy = 1.702
light_projector = ExtResource("11_se7xa")
light_specular = 10.0
shadow_enabled = true
spot_range = 8.184
spot_angle = 53.0

[node name="MousePosition" parent="Environment" instance=ExtResource("12_8awkg")]

[node name="treasure_chest" parent="Environment" instance=ExtResource("12_2aqk5")]
transform = Transform3D(-0.010559, 0, -0.999944, 0, 1, 0, 0.999944, 0, -0.010559, -11.6419, -1.5, 5.38209)

[node name="doughnut_coral" parent="Environment" instance=ExtResource("13_puxit")]
transform = Transform3D(1, 0, 0, 0, 1, 0, 0, 0, 1, 11.3714, -1.5, 0.399492)

[node name="doughnut_coral2" parent="Environment" instance=ExtResource("13_puxit")]
transform = Transform3D(1, 0, 0, 0, 1, 0, 0, 0, 1, -11.7468, -1.5, -6.78977)

[node name="doughnut_coral3" parent="Environment" instance=ExtResource("13_puxit")]
transform = Transform3D(1, 0, 0, 0, 1, 0, 0, 0, 1, -4.42484, -1.5, 2.93493)

[node name="pineapple_house" parent="Environment" instance=ExtResource("14_abfds")]
transform = Transform3D(-0.774217, 0, 1.28475, 0, 1.5, 0, -1.28475, 0, -0.774217, 10.0106, -1.5, -4.72789)

[node name="NeedsSystem" type="Node3D" parent="."]

[node name="BackgroundMusic" type="AudioStreamPlayer" parent="."]
stream = ExtResource("17_46pjg")
volume_db = -24.0
autoplay = true

[node name="CrabCast" type="Node3D" parent="."]

[node name="Crab" parent="CrabCast" instance=ExtResource("9_386os")]
transform = Transform3D(1, 0, 0, 0, 1, 0, 0, 0, 1, 3.96564, 0, 0)
tick_length_milliseconds = 1200
fov_radius_meters = 6.0

[node name="Crab2" parent="CrabCast" instance=ExtResource("9_386os")]
transform = Transform3D(1, 0, 0, 0, 1, 0, 0, 0, 1, -5.41744, 0, -0.698341)
tick_length_milliseconds = 1100
fov_radius_meters = 6.0

[node name="Crab3" parent="CrabCast" instance=ExtResource("9_386os")]
transform = Transform3D(1, 0, 0, 0, 1, 0, 0, 0, 1, 13.684, 0, -3.31727)
tick_length_milliseconds = 1300
fov_radius_meters = 6.0

[node name="Crab4" parent="CrabCast" instance=ExtResource("9_386os")]
transform = Transform3D(1, 0, 0, 0, 1, 0, 0, 0, 1, 2.38386, 0, -3.61803)
fov_radius_meters = 6.0

[node name="UIRoot" type="CanvasLayer" parent="."]
