[gd_scene load_steps=10 format=3 uid="uid://bjm5trsh5ponb"]

[ext_resource type="PackedScene" uid="uid://dfsep4rjt4s4m" path="res://scenes/crab.tscn" id="1_ca7al"]
[ext_resource type="Script" path="res://addons/phantom_camera/scripts/phantom_camera/phantom_camera_3d.gd" id="1_cgvsa"]
[ext_resource type="Script" path="res://addons/phantom_camera/scripts/resources/tween_resource.gd" id="2_8vgn0"]
[ext_resource type="Script" path="res://addons/phantom_camera/scripts/phantom_camera_host/phantom_camera_host.gd" id="3_iyltw"]

[sub_resource type="Environment" id="Environment_1thx3"]

[sub_resource type="Resource" id="Resource_r1ygu"]
script = ExtResource("2_8vgn0")
duration = 1.0
transition = 0
ease = 2

[sub_resource type="NavigationMesh" id="NavigationMesh_s26kr"]

[sub_resource type="BoxShape3D" id="BoxShape3D_niry1"]

[sub_resource type="BoxMesh" id="BoxMesh_i17vl"]

[node name="Main" type="Node3D"]

[node name="WorldEnvironment" type="WorldEnvironment" parent="."]
environment = SubResource("Environment_1thx3")

[node name="DirectionalLight3D" type="DirectionalLight3D" parent="WorldEnvironment"]
transform = Transform3D(0.844991, -0.327394, 0.422851, 0, 0.7907, 0.612203, -0.53478, -0.517307, 0.668135, 0, 2.72948, -2.52983)

[node name="MainCamera" type="Node3D" parent="." node_paths=PackedStringArray("look_at_target")]
transform = Transform3D(0.778334, -0.314942, 0.543146, -4.48823e-05, 0.86506, 0.501668, -0.62785, -0.39049, 0.673292, 2, 1.845, 2.47541)
script = ExtResource("1_cgvsa")
look_at_mode = 2
look_at_target = NodePath("..")
tween_resource = SubResource("Resource_r1ygu")
follow_offset = Vector3(0, 1.845, 0)
look_at_damping = true

[node name="HostCamera" type="Camera3D" parent="."]
transform = Transform3D(0.778334, -0.314942, 0.543146, -4.48823e-05, 0.86506, 0.501668, -0.62785, -0.39049, 0.673292, 2, 1.845, 2.47541)

[node name="PhantomCameraHost" type="Node" parent="HostCamera"]
process_priority = 300
process_physics_priority = 300
script = ExtResource("3_iyltw")

[node name="NavigationRegion3D" type="NavigationRegion3D" parent="."]
navigation_mesh = SubResource("NavigationMesh_s26kr")

[node name="Environment" type="Node3D" parent="."]

[node name="Default Cube" type="StaticBody3D" parent="Environment"]
collision_layer = 9

[node name="CollisionShape3D" type="CollisionShape3D" parent="Environment/Default Cube"]
shape = SubResource("BoxShape3D_niry1")

[node name="MeshInstance3D" type="MeshInstance3D" parent="Environment/Default Cube"]
mesh = SubResource("BoxMesh_i17vl")

[node name="NeedsSystem" type="Node3D" parent="."]

[node name="BackgroundMusic" type="AudioStreamPlayer" parent="."]

[node name="CrabCast" type="Node3D" parent="."]

[node name="Crab" parent="CrabCast" instance=ExtResource("1_ca7al")]

[node name="UIRoot" type="CanvasLayer" parent="."]
