[gd_scene load_steps=14 format=3 uid="uid://bjm5trsh5ponb"]

[ext_resource type="Script" path="res://addons/phantom_camera/scripts/phantom_camera/phantom_camera_3d.gd" id="1_cgvsa"]
[ext_resource type="Script" path="res://addons/phantom_camera/scripts/resources/tween_resource.gd" id="2_8vgn0"]
[ext_resource type="Script" path="res://addons/phantom_camera/scripts/phantom_camera_host/phantom_camera_host.gd" id="3_iyltw"]
[ext_resource type="PackedScene" uid="uid://ddr0eyav0x5cr" path="res://scenes/selectables/seashell.tscn" id="5_ohhq1"]
[ext_resource type="Script" path="res://addons/DragAndDrop3D/nodes/drag_and_drop_3d.gd" id="5_s6p64"]

[sub_resource type="ProceduralSkyMaterial" id="ProceduralSkyMaterial_kbcgm"]

[sub_resource type="Sky" id="Sky_o5002"]
sky_material = SubResource("ProceduralSkyMaterial_kbcgm")

[sub_resource type="Environment" id="Environment_1thx3"]
background_mode = 2
background_energy_multiplier = 1.5
sky = SubResource("Sky_o5002")

[sub_resource type="Resource" id="Resource_r1ygu"]
script = ExtResource("2_8vgn0")
duration = 1.0
transition = 0
ease = 2

[sub_resource type="NavigationMesh" id="NavigationMesh_s26kr"]

[sub_resource type="BoxShape3D" id="BoxShape3D_niry1"]

[sub_resource type="StandardMaterial3D" id="StandardMaterial3D_qgeg3"]
albedo_color = Color(7.46027e-07, 0, 0.403407, 1)

[sub_resource type="BoxMesh" id="BoxMesh_i17vl"]
material = SubResource("StandardMaterial3D_qgeg3")

[node name="Main" type="Node3D"]

[node name="WorldEnvironment" type="WorldEnvironment" parent="."]
environment = SubResource("Environment_1thx3")

[node name="DirectionalLight3D" type="DirectionalLight3D" parent="WorldEnvironment"]
transform = Transform3D(0.844991, -0.327394, 0.422851, 0, 0.7907, 0.612203, -0.53478, -0.517307, 0.668135, 0, 2.72948, -2.52983)
shadow_enabled = true

[node name="MainCamera" type="Node3D" parent="."]
transform = Transform3D(0.999999, -1.40884e-17, 2.11362e-17, 3.84857e-18, 0.906522, 0.422159, -2.51079e-17, -0.422159, 0.906522, 0, 2, 2.602)
script = ExtResource("1_cgvsa")
tween_resource = SubResource("Resource_r1ygu")
follow_offset = Vector3(0, 1.845, 0)
look_at_offset = Vector3(0, 0.785, 0)
look_at_damping = true

[node name="HostCamera" type="Camera3D" parent="."]
transform = Transform3D(1, -1.40883e-17, 2.11362e-17, 3.84857e-18, 0.906522, 0.422159, -2.51079e-17, -0.422159, 0.906522, 0, 2, 2.602)

[node name="PhantomCameraHost" type="Node" parent="HostCamera"]
process_priority = 300
process_physics_priority = 300
script = ExtResource("3_iyltw")

[node name="DragAndDropManager" type="Node3D" parent="."]
script = ExtResource("5_s6p64")

[node name="NavigationRegion3D" type="NavigationRegion3D" parent="."]
navigation_mesh = SubResource("NavigationMesh_s26kr")

[node name="Environment" type="Node3D" parent="."]

[node name="Seashell" parent="Environment" instance=ExtResource("5_ohhq1")]
transform = Transform3D(1, 0, 0, 0, 1, 0, 0, 0, 1, -1.27759, 0.180054, -3.92865)

[node name="Default Cube" type="StaticBody3D" parent="Environment"]
transform = Transform3D(-0.325123, 0, 0.945672, 0, 1, 0, -0.945672, 0, -0.325123, 3, 0, -3)

[node name="CollisionShape3D" type="CollisionShape3D" parent="Environment/Default Cube"]
transform = Transform3D(1, 0, -2.98023e-08, 0, 1, 0, 2.98023e-08, 0, 1, 0, 0, 0)
shape = SubResource("BoxShape3D_niry1")

[node name="MeshInstance3D" type="MeshInstance3D" parent="Environment/Default Cube"]
mesh = SubResource("BoxMesh_i17vl")

[node name="Floor" type="CSGBox3D" parent="Environment"]
transform = Transform3D(1, 0, 0, 0, 1, 0, 0, 0, 1, 0, -2, 0)
use_collision = true
size = Vector3(18, 1, 18)

[node name="NeedsSystem" type="Node3D" parent="."]

[node name="BackgroundMusic" type="AudioStreamPlayer" parent="."]

[node name="CrabCast" type="Node3D" parent="."]

[node name="UIRoot" type="CanvasLayer" parent="."]
